400 1 1828 2
1110 1 1737 3
1370 1 2056 3
1529 1 1674 4
1775 1 1641 4
2768 1 1693 3
3443 1 1588 2
4857 1 1653 4
6123 1 2191 3
6866 1 2169 1
7204 1 1990 3
7303 1 2009 3
7736 1 1440 2
8054 1 1825 3
8143 1 1828 3
9183 1 1639 2
9327 1 1931 3
10555 1 1496 3
12838 1 1718 4
12961 1 1561 3
13037 1 1608 3
13133 1 2031 3
13143 1 2129 2
13200 1 1854 2
13300 1 1471 3
13321 1 1985 3
13538 1 1815 3
13785 1 1843 2
13981 1 2074 3
14490 1 1758 3
14967 1 1562 2
16463 1 1756 3
18597 1 1694 4
18852 1 1744 3
19663 1 1853 3
19834 1 1470 3
20326 1 1687 2
20369 1 1532 3
20406 1 1581 2
20497 1 2106 2
20724 1 2179 2
20858 1 1574 3
21601 1 1597 5
21963 1 1847 2
22223 1 1526 3
22532 1 1736 3
22967 1 1958 3
23054 1 1518 1
23162 1 1993 3
23904 1 1749 2
24091 1 1772 4
24311 1 1911 3
24313 1 1770 2
24327 1 2054 3
24518 1 1808 4
25155 1 1951 3
25406 1 2079 3
25428 1 2091 4
25436 1 1919 4
25535 1 2043 2
26071 1 1780 2
27602 1 2107 3
27986 1 1721 3
28077 1 1679 3
28235 1 1604 4
28311 1 1814 1
29031 1 1664 1
30590 1 2032 4
31618 1 1853 4
33080 1 1606 2
33443 1 1818 4
34007 1 1903 4
34171 1 1993 1
34434 1 1845 3
34511 1 2085 4
35005 1 1594 3
35141 1 2106 4
35173 1 1454 4
35870 1 1975 3
36077 1 2185 5
36299 1 1469 3
36496 1 1972 4
36523 1 2185 4
37409 1 1699 4
38241 1 1476 3
38796 1 2178 5
39583 1 1552 3
41017 1 1622 4
42518 1 1958 3
42602 1 1734 3
42866 1 1521 2
43906 1 1522 2
44095 1 1539 3
44210 1 1898 3
44380 1 2164 2
45017 1 1934 2
45643 1 1974 3
46666 1 1583 2
47010 1 1703 3
47279 1 2187 3
47451 1 1958 2
48082 1 1596 3
48316 1 2176 4
49551 1 2110 4
50129 1 2120 4
50986 1 1889 1
51168 1 1828 1
51507 1 1898 3
52065 1 1952 3
52474 1 1932 3
53060 1 1783 2
53196 1 1602 2
53373 1 2214 4
53854 1 1804 4
54089 1 2092 2
54334 1 1700 3
54631 1 1707 3
54674 1 1595 3
54883 1 2091 3
54924 1 1927 2
55048 1 1701 1
55824 1 2184 2
56318 1 1556 2
57081 1 1961 1
57400 1 1948 3
58731 1 1998 2
60713 1 1644 2
61453 1 1735 3
62003 1 1902 2
63127 1 1539 2
64531 1 1464 3
64535 1 1902 3
65820 1 1655 2
66566 1 1707 3
67105 1 1841 2
67776 1 2021 3
69216 1 1835 4
69392 1 1544 2
69577 1 1669 3
69630 1 1783 1
69713 1 1550 3
69860 1 1472 3
70202 1 1808 1
71588 1 1867 3
71610 1 1468 1
72113 1 1853 3
73124 1 1520 4
73678 1 1970 2
74955 1 1729 4
75115 1 1797 3
76768 1 2174 2
76902 1 1995 3
76929 1 1493 3
77765 1 1814 4
77918 1 1772 2
77944 1 1545 2
78119 1 1904 3
80171 1 1914 2
80508 1 1603 3
81112 1 1496 3
81260 1 1836 2
83263 1 2085 3
83349 1 1910 4
83380 1 2179 3
83405 1 1884 3
83810 1 2164 2
83829 1 1624 2
84095 1 2210 2
85690 1 1808 4
85931 1 2100 3
86247 1 1928 2
86627 1 1566 3
86728 1 1758 3
86989 1 1780 3
87093 1 1844 4
87175 1 2188 3
87607 1 1631 4
88069 1 1615 2
88504 1 1723 3
89033 1 1891 1
90233 1 2230 3
90940 1 1749 3
92098 1 1890 3
93840 1 2002 3
94151 1 1511 3
94159 1 1454 3
95114 1 2045 3
95120 1 1448 3
95993 1 1827 3
96202 1 1515 3
96579 1 1615 1
96836 1 1655 3
97046 1 1674 3
97212 1 2161 5
97223 1 1538 3
97428 1 1582 2
98857 1 1517 3
99071 1 1462 3
99317 1 1835 3
99590 1 1470 3
100087 1 1818 3
100480 1 1675 3
100917 1 1526 4
101374 1 1902 2
101613 1 2112 4
101759 1 1602 4
101842 1 1995 2
103446 1 1920 5
103668 1 1505 3
104034 1 1570 2
104521 1 1476 3
105192 1 1776 3
105760 1 1553 1
106102 1 1721 4
106270 1 1705 3
106771 1 1981 2
106802 1 1510 2
107103 1 1593 1
107175 1 1713 3
107300 1 2046 4
108565 1 1722 3
108773 1 2116 4
108938 1 1805 3
109197 1 1832 2
110556 1 2201 3
111035 1 2120 4
111350 1 1919 4
112055 1 2028 2
114176 1 1742 3
114286 1 2087 3
114315 1 1727 4
114582 1 2242 4
114751 1 1621 4
114778 1 2041 1
114962 1 1932 2
116023 1 1799 3
116124 1 1686 3
116560 1 1782 3
116765 1 1500 3
116933 1 1793 4
117466 1 1884 4
117502 1 1680 2
118468 1 2035 2
118859 1 1903 2
120649 1 2123 1
121579 1 1801 2
122878 1 2208 5
123684 1 1785 4
123795 1 2216 3
124393 1 2014 3
124845 1 1645 3
126138 1 1501 3
126402 1 2229 1
126416 1 2086 1
127486 1 2142 3
128068 1 2163 4
128252 1 2130 3
128481 1 2147 2
130226 1 1666 3
131350 1 1810 3
131453 1 1469 5
131839 1 2029 3
132453 1 1856 1
132521 1 1780 3
132773 1 2134 4
133410 1 2164 3
133788 1 1870 4
134016 1 1566 3
134561 1 1821 1
135636 1 2135 3
137015 1 1909 1
138293 1 1929 2
139629 1 1623 1
140651 1 1562 4
140700 1 1791 2
141368 1 1637 2
141388 1 1615 3
141641 1 1595 3
141944 1 1600 3
141969 1 2167 3
142487 1 2148 4
142732 1 1903 3
142912 1 2189 2
145876 1 1835 3
146695 1 1726 2
147737 1 1545 2
148054 1 1987 3
148211 1 2183 4
150525 1 1974 1
150644 1 1656 3
150926 1 2135 2
151050 1 2182 2
151956 1 1767 2
152587 1 2082 3
152963 1 1797 4
153223 1 2058 3
153381 1 1499 3
153988 1 1515 2
154227 1 1911 2
155018 1 2196 1
155141 1 1836 3
155191 1 1972 3
155302 1 1874 2
156237 1 2170 3
157045 1 1980 4
157417 1 1862 2
157650 1 1882 2
158208 1 1929 5
159118 1 1710 3
159129 1 2145 2
159521 1 1942 2
160151 1 1917 3
160737 1 1595 1
160785 1 1826 2
161999 1 1454 2
163540 1 1770 3
166518 1 1926 4
166652 1 1818 2
166725 1 2195 3
169110 1 1909 2
169246 1 1974 3
170963 1 1525 2
172946 1 2029 4
173822 1 2068 4
174113 1 1927 3
174158 1 1612 3
174254 1 2011 4
174623 1 1931 1
174756 1 1982 2
174759 1 1711 3
175193 1 2182 3
175941 1 1616 3
178041 1 2038 3
178445 1 1679 3
179111 1 1551 2
179632 1 2078 3
180495 1 1481 3
181770 1 1783 4
182018 1 1581 2
182067 1 2071 5
182336 1 1777 4
182550 1 1807 2
183278 1 1995 3
184185 1 1561 3
184563 1 1988 4
185303 1 1754 4
186203 1 1449 3
186803 1 1462 4
187001 1 2203 3
188135 1 1757 5
188220 1 1450 3
188481 1 1966 3
188622 1 1719 4
188751 1 1454 3
189278 1 1451 3
189593 1 2070 3
190022 1 1748 3
190115 1 1545 3
190348 1 2051 2
190516 1 1943 2
190713 1 1898 4
191067 1 1568 3
191448 1 1663 2
191636 1 1976 3
192167 1 1910 3
194884 1 1499 3
196416 1 1730 1
196816 1 1484 3
196964 1 2104 5
197216 1 1791 3
197500 1 1708 3
198081 1 1734 3
198278 1 1763 3
198677 1 1795 3
199040 1 1793 2
199517 1 1793 5
199601 1 1525 2
200468 1 2209 4
200646 1 1611 2
202188 1 1525 2
203231 1 1506 4
203276 1 1626 1
203314 1 1629 3
203536 1 1710 3
203638 1 1874 2
204710 1 1586 2
205890 1 1554 3
205902 1 1812 3
206325 1 1626 3
206329 1 1686 4
206745 1 1636 3
208276 1 1450 4
208813 1 1590 3
208821 1 2029 2
209569 1 1562 1
209756 1 1937 1
211407 1 1550 3
211743 1 2033 2
212040 1 2105 3
212076 1 1822 4
212210 1 2044 4
212831 1 2001 2
213447 1 1887 2
214494 1 2144 2
214555 1 1736 4
215126 1 1816 2
215631 1 1931 2
215655 1 1609 4
216046 1 2083 4
216234 1 1772 3
217221 1 1464 2
218792 1 1684 1
219117 1 1633 3
219136 1 1903 3
219341 1 1479 3
219384 1 1779 1
220743 1 2202 3
221637 1 1648 3
221845 1 1911 1
221892 1 1643 1
222114 1 1733 3
222439 1 1526 4
224417 1 1903 4
224963 1 1960 5
225199 1 1986 3
225306 1 1687 2
225864 1 1531 3
228189 1 1906 4
228817 1 1540 3
230143 1 2191 3
230931 1 1591 2
231404 1 1483 1
232174 1 1593 2
232229 1 1900 2
232302 1 1524 2
232840 1 2137 3
232858 1 1748 2
233392 1 1804 2
233721 1 2079 1
235465 1 1858 3
235716 1 1573 2
236553 1 2053 4
237501 1 2039 4
237561 1 1608 4
237847 1 1603 3
237935 1 1983 2
238300 1 2113 2
238670 1 1973 2
239233 1 1607 2
239861 1 1485 3
240401 1 2226 3
240760 1 1989 3
241219 1 1729 3
241423 1 1495 2
241448 1 2181 3
241477 1 2053 4
242555 1 1898 4
242820 1 1604 2
243038 1 1671 2
243694 1 1681 2
244634 1 2043 3
245289 1 1538 3
245450 1 1840 3
246158 1 1955 3
247427 1 1691 3
249275 1 2031 3
249393 1 1802 3
250396 1 1619 3
251994 1 1752 2
253551 1 2072 5
253820 1 1752 4
253898 1 1783 2
254835 1 2074 3
256814 1 1741 2
257475 1 2051 2
257487 1 1667 3
257624 1 1827 4
258394 1 1897 3
259456 1 1632 2
259492 1 1701 4
259907 1 1898 2
260536 1 1517 3
260651 1 1897 3
260952 1 1767 2
260954 1 2082 1
261090 1 1885 2
261535 1 2060 3
262370 1 2012 2
262678 1 2068 4
263369 1 2182 1
264313 1 1614 3
264567 1 1927 3
264575 1 1887 4
265266 1 1881 3
265269 1 1905 3
265392 1 1669 4
266144 1 1654 2
266238 1 1604 1
266389 1 1853 4
266711 1 1784 2
267476 1 2073 1
269385 1 1652 2
269503 1 1953 1
270241 1 1475 3
270431 1 2120 4
271282 1 1687 5
271395 1 1613 3
272377 1 1594 3
272401 1 1724 2
272635 1 1946 3
272750 1 1664 1
274843 1 1908 3
277053 1 1988 3
277500 1 1531 2
277628 1 1504 3
278531 1 1530 3
279708 1 2012 3
280103 1 1929 2
280457 1 1795 3
282118 1 1636 3
284829 1 2130 3
285042 1 1919 2
286230 1 1746 2
287062 1 1846 3
287092 1 1737 4
287598 1 1561 4
287850 1 2064 3
289414 1 1485 2
290165 1 1769 3
291430 1 2162 3
291809 1 2129 3
292275 1 1451 4
292762 1 1756 3
293602 1 1460 4
293689 1 1454 1
293738 1 1489 2
293794 1 2070 2
295965 1 2185 3
296132 1 2134 2
296236 1 2060 3
296633 1 1934 2
297583 1 1570 4
297661 1 1869 3
297678 1 1917 4
298157 1 1961 3
298349 1 1989 3
298838 1 1666 4
299073 1 1858 3
299231 1 1638 3
299819 1 1597 4
300006 1 1690 3
301142 1 2170 3
301221 1 1945 3
301798 1 1833 1
301855 1 1453 3
302284 1 2128 2
302499 1 2203 3
302540 1 1981 3
303385 1 1671 2
304137 1 1814 3
304566 1 1907 3
304736 1 2010 2
305377 1 1990 1
306179 1 1773 2
306548 1 1826 2
306649 1 1811 1
307601 1 1472 2
308212 1 2199 3
308463 1 2119 3
308779 1 1690 4
309073 1 1544 2
309200 1 2128 3
311810 1 1720 2
312638 1 1747 3
313087 1 1578 3
313286 1 1569 3
313452 1 1685 3
313466 1 2155 2
314870 1 1791 2
314993 1 1877 4
315023 1 1681 5
315068 1 2222 5
315775 1 1598 4
316025 1 2005 2
316902 1 1933 3
318028 1 1804 2
318684 1 2004 3
320093 1 1765 3
321108 1 1941 3
321254 1 1951 2
322734 1 1526 3
323221 1 1775 3
323503 1 1794 3
324451 1 1608 3
324577 1 1582 3
324869 1 1706 5
325187 1 1629 3
325585 1 1853 2
326657 1 2012 3
327034 1 1454 3
329020 1 1622 4
329344 1 1462 3
329448 1 1583 3
329561 1 1671 2
330168 1 1819 4
330178 1 2163 3
330869 1 1583 4
331187 1 1517 3
331639 1 1608 2
331965 1 1579 3
333386 1 1811 4
333730 1 1489 3
333845 1 2079 3
333858 1 2026 3
335305 1 1996 3
335716 1 1485 3
336587 1 1928 4
337150 1 1470 4
338090 1 1713 3
338528 1 1717 2
338550 1 1685 3
338877 1 1643 2
339326 1 1881 4
339369 1 1487 3
340479 1 2221 2
341290 1 1547 1
341360 1 2084 3
342997 1 1716 3
343006 1 1804 5
344264 1 1746 3
346262 1 1777 4
346689 1 2150 5
347288 1 1811 2
347396 1 1659 2
347912 1 1848 4
347914 1 1466 1
348155 1 2228 3
348196 1 1544 2
348321 1 1564 2
348421 1 1991 3
348812 1 1621 2
349393 1 1458 3
350434 1 2021 2
350604 1 1476 4
352240 1 1639 5
352483 1 1824 4
352732 1 1900 2
352736 1 1953 2
353463 1 1690 2
354014 1 1785 3
354198 1 1590 4
354672 1 1622 4
355969 1 1972 3
358958 1 1685 3
360000 1 1971 3
360096 1 2005 1
360189 1 2063 3
362068 1 2243 3
362605 1 1559 3
362959 1 1928 3
363114 1 1750 3
363971 1 1973 4
364066 1 1753 4
364084 1 1587 2
365158 1 1866 1
366243 1 1615 3
367049 1 1659 3
367701 1 1876 3
367828 1 1700 3
368646 1 1751 5
369121 1 1974 2
369384 1 1812 3
370176 1 1927 3
370464 1 2108 3
370671 1 1716 3
371382 1 1922 4
371851 1 2074 3
372778 1 2011 2
373218 1 1657 3
374364 1 1554 3
375103 1 2060 3
375891 1 1902 3
375960 1 1813 3
376241 1 2158 3
376600 1 1645 3
376863 1 1610 3
376961 1 2036 3
377105 1 2002 3
377983 1 1470 3
378714 1 1569 4
379487 1 1947 2
380043 1 1810 2
380116 1 1969 2
381063 1 1474 3
381319 1 1640 3
381331 1 1907 4
382189 1 1948 3
383272 1 1545 3
384374 1 1651 4
384565 1 2132 4
384675 1 1677 2
385173 1 2071 2
385858 1 1497 3
387205 1 1927 4
387278 1 1594 2
387705 1 1482 1
389588 1 1707 3
389646 1 1657 1
389786 1 1646 1
389949 1 2038 3
390283 1 1756 5
390573 1 2229 3
391322 1 2122 2
391563 1 2191 3
391871 1 2062 3
391952 1 2086 3
392727 1 2184 3
393587 1 2056 3
394641 1 1657 3
394672 1 1574 3
394843 1 1461 3
395084 1 1996 2
395112 1 2018 3
395432 1 2161 3
395642 1 1596 3
396292 1 1804 3
396890 1 2200 3
397629 1 1867 5
398667 1 2184 3
398894 1 1616 3
399069 1 1555 1
399284 1 1832 1
400896 1 1791 3
401034 1 1573 3
401162 1 2204 3
401550 1 1912 3
402519 1 1760 3
402599 1 2197 3
403736 1 2025 3
404200 1 1839 3
404446 1 2150 3
404494 1 1685 3
405898 1 1547 4
406312 1 2166 2
406961 1 1614 5
407043 1 1993 3
407769 1 1985 4
408316 1 1535 4
409028 1 2144 5
409152 1 2098 3
409829 1 1847 4
411281 1 1732 1
413989 1 2157 2
414142 1 1661 4
414537 1 2170 2
415621 1 2147 2
416122 1 2228 3
416145 1 1622 3
416320 1 2065 1
417766 1 1732 1
418171 1 1987 4
418557 1 1538 3
418937 1 1933 2
419568 1 1574 4
419662 1 2091 2
420284 1 1606 4
420901 1 1955 3
422483 1 2172 3
423524 1 1512 3
423546 1 1581 2
423581 1 1615 4
423976 1 1913 4
424737 1 1654 2
425630 1 1578 2
425974 1 1901 3
426477 1 2023 2
426710 1 1665 3
427215 1 1692 3
427276 1 1635 2
427968 1 1616 1
428012 1 1822 4
428027 1 2038 3
428398 1 1599 3
428557 1 1951 3
428911 1 1856 3
430156 1 1476 3
431361 1 1735 4
431447 1 1940 4
431471 1 1888 3
431682 1 2014 1
432126 1 2044 4
432209 1 1890 2
433248 1 1779 3
434200 1 1974 2
434363 1 1724 4
437117 1 2011 2
437172 1 2183 3
437359 1 1555 3
437653 1 1902 5
438223 1 1607 3
438640 1 1597 2
439124 1 1475 2
439143 1 1652 4
440258 1 2064 2
441128 1 1528 1
441319 1 2154 1
441662 1 1841 3
441900 1 1753 4
441921 1 1490 3
442071 1 2097 3
442323 1 2143 3
442822 1 1794 1
443071 1 2072 2
443847 1 1531 3
444929 1 1764 4
446522 1 1838 3
446824 1 1972 3
447376 1 1961 3
447423 1 1658 3
448079 1 1712 4
448180 1 1706 2
449157 1 2130 3
450693 1 1572 1
451294 1 1848 3
451958 1 1944 1
454469 1 1721 4
454970 1 1533 4
456117 1 1629 3
456507 1 1570 3
456523 1 1737 3
456872 1 1630 3
457433 1 1576 2
457615 1 2117 2
457870 1 1828 3
457910 1 2077 4
458032 1 1540 3
31 2 2165 3
51 2 1713 2
182 2 1784 2
219 2 1701 2
500 2 1721 2
545 2 2177 3
567 2 1778 2
655 2 1721 4
658 2 1768 2
795 2 2036 4
870 2 1700 1
959 2 1733 3
1221 2 1743 1
1334 2 2021 3
1354 2 1701 2
1365 2 1681 2
1400 2 1833 1
1455 2 2191 2
1529 2 1671 2
1575 2 1746 1
1775 2 2032 2
1950 2 1682 2
1971 2 1671 3
2182 2 1671 3
2287 2 1682 3
2400 2 1741 3
2481 2 1722 3
2493 2 1707 1
2659 2 1991 2
2916 2 1715 2
3066 2 1671 2
3068 2 1974 3
3080 2 1744 3
3085 2 1668 3
3117 2 1725 2
3172 2 1672 2
3222 2 2152 3
3394 2 1682 1
3548 2 1719 3
3563 2 2085 3
3643 2 1685 4
3645 2 1675 2
3655 2 1738 2
3682 2 1683 2
3705 2 1730 2
3715 2 1672 3
3936 2 2097 3
4194 2 2080 3
4289 2 1702 4
4544 2 1672 3
4555 2 1684 2
4639 2 1779 3
4968 2 1899 1
4986 2 1742 1
5068 2 1724 4
5161 2 1897 1
5178 2 1988 4
5233 2 1721 1
5278 2 1796 4
5290 2 1764 1
5491 2 1731 2
5529 2 1677 3
5551 2 1826 1
5585 2 1714 2
5589 2 1764 2
5618 2 1782 4
5664 2 1839 2
5665 2 1787 4
5682 2 1916 1
5694 2 1721 2
5827 2 1906 3
5861 2 1730 3
5910 2 2114 1
5989 2 2148 5
6013 2 1714 2
6086 2 1715 3
6238 2 1762 3
6302 2 1685 1
6465 2 2141 2
6482 2 2036 5
6531 2 1771 1
6571 2 1897 3
6711 2 1745 4
6770 2 1811 2
6868 2 1770 3
7012 2 1714 2
7038 2 1672 4
7062 2 1671 1
7365 2 1843 1
7373 2 1692 2
7468 2 1958 1
7509 2 1862 4
7553 2 1910 2
7631 2 1847 4
7661 2 1673 3
7694 2 1704 2
7696 2 2032 2
7726 2 1790 3
7756 2 1671 1
7765 2 1712 3
7798 2 2158 2
7819 2 1713 1
7823 2 1925 1
7920 2 1693 1
8047 2 1684 2
8093 2 1957 3
8098 2 1689 3
8120 2 1805 3
8123 2 1970 2
8127 2 1685 2
8180 2 1922 3
8207 2 1693 3
8406 2 1744 2
8595 2 1727 3
8653 2 2001 3
8676 2 2169 5
8771 2 1671 4
8836 2 1729 2
8871 2 1673 1
9215 2 1707 4
9225 2 2192 1
9365 2 1701 1
9427 2 1870 2
9492 2 1672 2
9620 2 2030 1
9640 2 1692 2
9679 2 1754 4
9704 2 1909 5
9770 2 1699 3
9788 2 1763 3
9916 2 1734 3
10056 2 1674 1
10085 2 1700 2
10115 2 2175 1
10191 2 2000 2
10208 2 1679 1
10263 2 1746 2
10344 2 1734 2
10377 2 1786 2
10451 2 1709 2
10463 2 1671 2
10503 2 2071 1
10517 2 1956 3
10558 2 2149 3
10588 2 1844 3
10626 2 1771 1
10761 2 1719 4
10786 2 1791 1
10817 2 1667 2
10872 2 1672 3
10955 2 1668 3
10983 2 1790 5
11056 2 2228 1
11133 2 1676 1
11172 2 1790 1
11403 2 1678 1
11414 2 1801 1
11521 2 2188 4
11686 2 1749 1
11694 2 1883 4
11717 2 1679 2
11770 2 2098 4
11891 2 1811 2
11953 2 1681 4
11973 2 1702 1
11989 2 2065 2
12003 2 1770 3
12061 2 1671 2
12070 2 1687 2
12430 2 2068 3
12435 2 2004 1
12522 2 1749 3
12565 2 1706 1
12612 2 1665 3
12648 2 1765 2
12678 2 1702 3
12694 2 1683 2
12775 2 1682 5
12836 2 1783 2
12912 2 1734 4
13045 2 1719 2
13055 2 2075 3
13061 2 1800 3
13185 2 1680 3
13213 2 1736 5
13236 2 1945 4
13300 2 1668 4
13536 2 1672 1
13563 2 1676 3
13566 2 1783 3
13694 2 2106 2
13757 2 1707 4
13908 2 1678 4
13921 2 1734 1
13928 2 1703 3
13956 2 1672 4
13975 2 1826 3
14037 2 1903 3
14069 2 1701 1
14073 2 1711 2
14074 2 1747 2
14104 2 1672 2
14276 2 1675 3
14425 2 2134 4
14497 2 1669 4
14819 2 1796 2
14925 2 2084 3
15081 2 1678 2
15143 2 1777 2
15197 2 1688 1
15219 2 2006 1
15220 2 2143 4
15241 2 1690 3
15346 2 1673 3
15486 2 1682 2
15492 2 1961 4
15523 2 1687 2
15583 2 1702 4
15744 2 1826 2
15768 2 2056 2
15803 2 1713 2
15851 2 1671 2
15928 2 1869 1
15953 2 1930 3
16089 2 1675 4
16113 2 1837 2
16223 2 1923 2
16295 2 1714 3
16376 2 1680 3
16393 2 1839 1
16407 2 1884 3
16568 2 2202 2
16575 2 1721 1
16586 2 1699 4
16614 2 1685 1
16645 2 1839 3
16723 2 1741 2
16800 2 2234 5
16993 2 1810 4
17033 2 2239 2
17085 2 1671 3
17101 2 1735 1
17113 2 1916 3
17148 2 1932 1
17158 2 1678 2
17182 2 1694 2
17192 2 1728 1
17267 2 1695 2
17277 2 1797 2
17287 2 1671 3
17342 2 1690 3
17362 2 1827 4
17479 2 1668 1
17714 2 2119 3
17895 2 1741 4
17896 2 1668 4
17992 2 1890 2
18057 2 1682 1
18130 2 1677 2
18202 2 1673 4
18425 2 1718 2
18464 2 2217 2
18490 2 2076 2
18595 2 1805 3
18661 2 1979 2
18684 2 2090 5
18754 2 1889 2
18945 2 1688 2
19148 2 1704 2
19186 2 1671 1
19261 2 1671 2
19291 2 2228 5
19296 2 1724 3
19310 2 2007 2
19351 2 2087 2
19514 2 1701 2
19529 2 1841 5
19586 2 1720 1
19646 2 1703 3
19663 2 1835 2
19743 2 1678 2
19866 2 1882 3
19872 2 1729 2
19877 2 2042 2
19935 2 1739 1
19991 2 1682 1
19995 2 1673 1
20085 2 1669 3
20180 2 2044 5
20373 2 1687 4
20374 2 1679 2
20409 2 1790 3
20448 2 1707 4
20450 2 1863 4
20651 2 1969 4
20665 2 1721 1
20689 2 1713 3
20864 2 1756 3
20957 2 1685 3
20979 2 1680 4
21028 2 1847 1
21134 2 1707 1
21154 2 1812 1
21250 2 1734 3
21272 2 1849 3
21332 2 2113 1
21383 2 1676 4
21508 2 1741 2
21535 2 1671 3
21536 2 1685 2
21649 2 1672 1
21693 2 1879 2
21737 2 1581 4
21806 2 1681 4
21890 2 1699 1
21904 2 1859 1
22000 2 1797 1
22010 2 2195 3
22046 2 1673 3
22120 2 1859 3
22162 2 1870 3
22321 2 2142 2
22330 2 1737 3
22421 2 1692 2
22505 2 1680 1
22532 2 1766 1
22556 2 2149 3
22586 2 1723 1
22858 2 1681 4
22941 2 1701 3
22947 2 1681 2
22963 2 1792 1
23097 2 1672 4
23367 2 1724 2
23565 2 1986 2
23730 2 2126 2
23767 2 1689 1
23781 2 1821 1
23785 2 1671 3
23824 2 1688 3
23970 2 1672 1
24053 2 1736 3
24117 2 1682 3
24118 2 1679 1
24158 2 1795 2
24250 2 1712 3
24313 2 1695 1
24340 2 1672 1
24448 2 1915 2
24461 2 1804 3
24556 2 1871 2
24581 2 2035 3
24610 2 1702 4
24703 2 1704 4
24738 2 1677 3
24750 2 1693 3
24866 2 1749 5
25011 2 1764 4
25130 2 1755 2
25143 2 1735 2
25150 2 1978 3
25211 2 1742 2
25254 2 1701 2
25329 2 1700 1
25413 2 1712 3
25468 2 2122 3
25593 2 1692 4
25679 2 1741 4
25684 2 1727 4
25704 2 1799 1
25737 2 2056 4
25788 2 2131 3
25841 2 1779 1
25970 2 1796 1
26007 2 1716 1
26068 2 2113 1
26160 2 1746 1
26175 2 1899 1
26220 2 1727 5
26428 2 1744 1
26610 2 1706 3
26629 2 2112 3
26667 2 1686 3
26690 2 1740 2
26701 2 1721 3
26702 2 1720 2
26731 2 1925 1
26761 2 2213 4
26859 2 1672 1
26995 2 1743 2
27143 2 1674 1
27286 2 2142 2
27297 2 1692 2
27305 2 1675 3
27360 2 1770 4
27466 2 1777 3
27541 2 2169 3
27561 2 2038 1
27563 2 2107 3
27786 2 1764 3
27842 2 1948 1
27970 2 1687 1
28000 2 1774 2
28016 2 1741 2
28020 2 1685 5
28137 2 1742 3
28228 2 1902 1
28254 2 1675 2
28304 2 2077 2
28447 2 1821 4
28455 2 1876 2
28459 2 1854 2
28622 2 1712 2
28895 2 1682 2
29039 2 2164 3
29203 2 2029 4
29244 2 1743 4
29264 2 1734 1
29267 2 1667 2
29284 2 1737 4
29287 2 2034 3
29333 2 1678 1
29349 2 1674 1
29475 2 1723 1
29585 2 1864 3
29734 2 1713 2
29894 2 1788 1
29931 2 1712 1
29936 2 1694 2
30044 2 1674 4
30074 2 1826 3
30152 2 1697 4
30168 2 1820 1
30218 2 1727 2
30374 2 1880 3
30449 2 1793 1
30525 2 1802 2
30730 2 1759 3
30760 2 2094 1
30785 2 2216 3
30859 2 2127 5
30901 2 2194 4
30927 2 1742 2
30959 2 1674 1
31072 2 1772 1
31084 2 1725 4
31547 2 1804 1
31585 2 1692 2
31650 2 1677 3
31748 2 1672 2
31778 2 1784 3
31834 2 1682 2
31866 2 2211 2
31926 2 1831 3
31991 2 1742 2
32000 2 1879 4
32010 2 1766 2
32019 2 1730 3
32034 2 1904 2
32120 2 2025 3
32143 2 1988 2
32175 2 1959 1
32198 2 2161 2
32364 2 2045 2
32367 2 1748 1
32395 2 1673 2
32420 2 2015 5
32553 2 1851 3
32594 2 1759 1
32633 2 1758 2
32684 2 1881 2
32690 2 1819 4
32699 2 1939 3
32923 2 1672 2
32948 2 2112 1
33039 2 1686 1
33132 2 1911 2
33150 2 1694 3
33152 2 1833 3
33164 2 1945 4
33253 2 1786 1
33504 2 1770 4
33642 2 2184 3
34001 2 1908 1
34060 2 2203 3
34164 2 1738 3
34170 2 1818 2
34204 2 1677 2
34364 2 1878 2
34434 2 2083 4
34437 2 1797 1
34445 2 1818 2
34577 2 2086 3
34642 2 1688 3
34665 2 1954 4
34751 2 1719 2
34876 2 1918 2
34982 2 1683 2
34991 2 1683 2
35005 2 1721 3
35104 2 1742 2
35178 2 1881 4
35196 2 1688 3
35275 2 1747 1
35388 2 1727 3
35416 2 1977 1
35505 2 1884 2
35529 2 1839 4
35533 2 1668 3
35554 2 1705 1
35568 2 1679 1
35583 2 1922 2
35596 2 1823 2
35665 2 1728 1
35823 2 1917 4
35895 2 1750 3
35902 2 2058 3
35926 2 1746 1
35946 2 2170 2
35951 2 1847 4
35987 2 1671 3
35994 2 1918 3
36003 2 1691 2
36299 2 1686 3
36323 2 1675 3
36443 2 1855 1
36481 2 1733 2
36527 2 1803 2
36631 2 2135 3
36772 2 2207 3
36789 2 2214 2
36856 2 2103 1
36873 2 2092 4
36910 2 2026 3
36921 2 1834 4
37003 2 1708 4
37165 2 2241 2
37182 2 1702 4
37305 2 1679 2
37316 2 1695 2
37386 2 1721 3
37435 2 1716 3
37581 2 1720 3
37610 2 1729 5
37664 2 1671 4
37674 2 1686 3
37829 2 1672 3
37888 2 2172 3
37894 2 1720 5
38112 2 1707 2
38139 2 1845 2
38241 2 1966 1
38319 2 1689 3
38432 2 1958 1
38623 2 1912 3
38626 2 1687 2
38890 2 1778 1
38945 2 2064 1
39164 2 1796 1
39469 2 1687 2
39478 2 1936 3
39540 2 1736 2
39607 2 1678 2
39664 2 1775 2
39711 2 1798 1
39728 2 1742 3
39754 2 2064 2
40147 2 1750 4
40383 2 1882 4
40413 2 1854 2
40422 2 1694 2
40444 2 1935 3
40490 2 1699 3
40495 2 1822 2
40512 2 1755 3
40621 2 1668 3
40839 2 1673 4
40957 2 1686 2
40978 2 1670 2
41022 2 1672 2
41032 2 1673 2
41037 2 1680 2
41281 2 1783 1
41323 2 1805 2
41408 2 1867 3
41428 2 1728 3
41566 2 1933 3
41772 2 1807 2
41801 2 1811 1
41811 2 1757 3
41822 2 1679 3
41858 2 1709 4
41869 2 1678 4
41890 2 1769 1
42027 2 1783 3
42031 2 2126 3
42120 2 1706 2
42131 2 1707 2
42183 2 1764 2
42211 2 2026 2
42461 2 1835 4
42484 2 1703 2
42518 2 2061 2
42598 2 1847 2
42674 2 1942 3
42792 2 1830 1
42836 2 1791 2
42847 2 2156 2
42995 2 1693 3
43094 2 1742 2
43168 2 1818 2
43199 2 2242 3
43482 2 1668 2
43505 2 1745 3
43528 2 2017 3
43695 2 2054 2
43713 2 2174 3
43716 2 2196 1
43796 2 1689 3
43801 2 1697 2
43810 2 2048 3
43905 2 1686 2
43921 2 1700 3
43967 2 2032 4
44010 2 1800 2
44026 2 1974 3
44081 2 1754 4
44397 2 1884 3
44398 2 1686 4
44443 2 1665 4
44518 2 2240 5
44572 2 1743 1
44607 2 1728 2
44613 2 1680 4
44705 2 1745 2
44718 2 1977 3
44723 2 2198 3
44834 2 1881 3
44954 2 1899 3
45046 2 1991 2
45066 2 2182 3
45070 2 1980 1
45363 2 1966 1
45393 2 1822 2
45621 2 1857 2
45783 2 1702 3
45812 2 2084 4
45822 2 1905 1
45848 2 1679 2
45861 2 1930 3
45995 2 1671 3
46000 2 1714 2
46040 2 1934 2
46111 2 1693 3
46161 2 1748 3
46402 2 1770 2
46475 2 1756 1
46536 2 1694 1
46589 2 1811 1
46682 2 1694 2
46683 2 1751 1
46771 2 1685 5
46783 2 1692 2
46788 2 1601 4
46792 2 1668 2
46845 2 1843 3
46974 2 1722 3
47009 2 1747 3
47244 2 1897 2
47255 2 1884 3
47497 2 1756 2
47505 2 2106 1
47574 2 1723 2
47614 2 1875 2
47670 2 1693 2
47686 2 1780 3
47717 2 1889 2
47719 2 1751 4
47948 2 1749 2
48058 2 2127 3
48108 2 2143 1
48176 2 1832 4
48301 2 1988 1
48314 2 1933 1
48368 2 1673 2
48443 2 1862 1
48531 2 1700 1
48561 2 2175 1
48733 2 1671 2
48792 2 2233 3
48814 2 2177 3
48902 2 1749 1
49131 2 1711 3
49280 2 1724 3
49283 2 1669 4
49371 2 1673 2
49372 2 1839 1
49423 2 2196 3
49439 2 2015 2
49480 2 2042 3
49532 2 2203 3
49615 2 1684 3
49770 2 1695 2
49821 2 1855 3
49860 2 1764 2
49930 2 1707 4
49934 2 1707 1
50062 2 1776 2
50092 2 1916 3
50100 2 1664 1
50145 2 1909 3
50160 2 1855 1
50163 2 1736 1
50270 2 1677 2
50533 2 1687 1
50684 2 2227 1
50694 2 1764 3
50695 2 1680 2
50701 2 1685 2
50770 2 1716 2
50829 2 1675 1
50869 2 1695 3
50912 2 1757 1
50958 2 1713 4
51124 2 1849 4
51134 2 1952 1
51336 2 1669 3
51362 2 1721 2
51421 2 1943 3
51437 2 1827 3
51493 2 1668 2
51542 2 1923 3
51569 2 1987 2
51607 2 2131 2
51722 2 1736 3
51845 2 1883 4
51862 2 1779 1
51899 2 1740 2
51973 2 1984 4
52073 2 1791 3
52322 2 1728 1
52329 2 1905 4
52531 2 1686 3
52587 2 1672 4
52594 2 1845 2
52722 2 1727 5
52775 2 1879 1
52891 2 1812 3
53066 2 1792 3
53126 2 1722 3
53166 2 1901 5
53447 2 1699 5
53550 2 1673 2
53601 2 1669 2
53633 2 1676 2
53712 2 1889 3
53850 2 1691 3
53874 2 1830 2
53884 2 1688 1
53896 2 1834 2
54055 2 1722 3
54146 2 1756 1
54186 2 1780 1
54456 2 1729 3
54509 2 1886 4
54653 2 1697 2
54693 2 1707 2
54789 2 1678 3
54897 2 1728 4
54906 2 1790 4
54960 2 1756 4
54991 2 1897 4
55148 2 2074 3
55153 2 1908 3
55414 2 1743 1
55492 2 1709 3
55570 2 1952 3
55879 2 1671 2
55912 2 1856 2
55952 2 1991 2
55999 2 1701 5
56051 2 1676 3
56053 2 1700 3
56166 2 1686 3
56309 2 2107 3
56341 2 1866 1
56349 2 1796 1
56366 2 1979 2
56594 2 1700 3
56715 2 2088 2
56731 2 1677 1
56732 2 1906 2
56880 2 1734 4
56937 2 1898 2
56962 2 1711 2
57016 2 1790 3
57424 2 1702 1
57445 2 1930 2
57501 2 1827 2
57503 2 1683 4
57565 2 1857 1
57588 2 2020 3
57674 2 1730 5
57694 2 1744 3
57707 2 1671 3
57805 2 1737 2
57933 2 1678 2
57941 2 1714 1
57950 2 1690 5
58049 2 1818 2
58063 2 1678 3
58357 2 1722 1
58398 2 1726 3
58407 2 1689 2
58418 2 1705 2
58483 2 2033 5
58495 2 1678 2
58517 2 1693 3
58523 2 1906 2
58624 2 1686 4
58719 2 1727 2
58757 2 1694 5
58777 2 1782 1
58978 2 1696 2
59157 2 1773 2
59165 2 1764 2
59179 2 1874 2
59260 2 1702 3
59265 2 1768 1
59290 2 1729 5
59366 2 1974 3
59498 2 1912 4
59562 2 1765 1
59570 2 1736 3
59622 2 1790 2
59634 2 1780 4
59655 2 1829 2
59675 2 1718 5
59734 2 1732 2
60078 2 1682 2
60098 2 1971 3
60169 2 1930 3
60243 2 1715 1
60288 2 1877 2
60341 2 2198 2
60447 2 1537 3
60476 2 1886 2
60479 2 1906 3
60492 2 2104 3
60504 2 2024 3
60507 2 1690 4
60588 2 1735 3
60597 2 1855 2
60615 2 1862 4
60656 2 1731 3
60782 2 2100 4
60785 2 2129 4
60820 2 1849 2
60838 2 1693 4
60841 2 2116 3
60902 2 1746 2
60949 2 2143 3
60989 2 1845 3
61074 2 1734 1
61327 2 1841 3
61335 2 1815 3
61489 2 1673 2
61490 2 2032 1
61520 2 1667 4
61616 2 2071 2
61739 2 1897 2
61799 2 1682 3
61923 2 2087 2
61990 2 1789 2
62078 2 1766 3
62260 2 1727 2
62327 2 1670 2
62500 2 1766 1
62524 2 1734 4
62587 2 2088 1
62617 2 1746 2
62728 2 1991 2
62814 2 1674 3
62890 2 1775 2
63065 2 1680 2
63162 2 1902 1
63269 2 1869 2
63326 2 1816 2
63356 2 2220 2
63429 2 1711 4
63440 2 1687 4
63479 2 2177 4
63623 2 1672 4
63725 2 1887 3
63852 2 1882 1
63945 2 1685 3
64017 2 1780 2
64127 2 1704 3
64249 2 2238 2
64271 2 1695 1
64309 2 1966 4
64427 2 1855 4
64486 2 1679 1
64523 2 1721 3
64531 2 1671 2
64579 2 1791 3
64609 2 1962 2
64747 2 2057 3
64750 2 1836 1
64784 2 1708 2
64824 2 1674 2
64871 2 2064 2
64968 2 1972 4
65002 2 1744 1
65039 2 1687 2
65066 2 1789 2
65194 2 1693 4
65277 2 1696 3
65334 2 2027 2
65413 2 1670 3
65446 2 1732 2
65448 2 2042 2
65574 2 1689 2
65594 2 1765 1
65676 2 1961 3
65877 2 2085 1
65893 2 1669 1
65984 2 1699 2
66098 2 1693 3
66133 2 1670 2
66144 2 1695 2
66194 2 1674 3
66243 2 1595 4
66301 2 1702 1
66458 2 2217 3
66566 2 1833 2
66584 2 1681 2
66633 2 2065 3
66755 2 1679 5
66793 2 1804 3
66824 2 1671 3
66982 2 1826 3
67046 2 1756 2
67101 2 1673 2
67157 2 1509 3
67227 2 1799 3
67248 2 2073 3
67377 2 1688 3
67401 2 2090 3
67505 2 1608 5
67509 2 2016 2
67736 2 1804 3
67805 2 1671 2
68185 2 1855 4
68197 2 1679 2
68232 2 1773 3
68344 2 1940 3
68374 2 1997 3
68417 2 1698 1
68542 2 1706 3
68592 2 2178 4
68756 2 1793 2
68759 2 1876 2
68848 2 2199 5
68971 2 1696 3
69092 2 1694 2
69231 2 1875 3
69606 2 1888 1
69618 2 1734 2
69751 2 1695 3
69789 2 1920 3
69922 2 1889 4
69966 2 1676 4
69994 2 2076 3
70062 2 1672 1
70220 2 1672 3
70253 2 1715 2
70271 2 1826 3
70326 2 1514 5
70344 2 1725 2
70348 2 1675 3
70386 2 1783 2
70393 2 1529 1
70410 2 2202 5
70411 2 1749 1
70459 2 1679 3
70467 2 1685 1
70552 2 2201 1
70616 2 1694 1
70698 2 1671 1
70724 2 1678 2
70831 2 1819 1
70852 2 2132 3
70950 2 1669 2
70965 2 2052 3
71191 2 1763 1
71210 2 1939 2
71249 2 1918 1
71332 2 1875 2
71391 2 1736 3
71493 2 1783 2
71501 2 1686 4
71610 2 1726 2
71636 2 2129 2
71702 2 1759 3
71732 2 1756 3
71801 2 1746 2
71862 2 1705 4
71884 2 2011 1
71904 2 1696 1
71953 2 1709 1
71971 2 1741 1
71987 2 1688 3
72090 2 1784 3
72100 2 2030 2
72409 2 1687 2
72647 2 1807 2
72921 2 1692 2
72968 2 1861 3
73066 2 2135 3
73115 2 1848 2
73204 2 1521 5
73474 2 1968 3
73532 2 1723 2
73541 2 1785 5
73715 2 1709 1
73794 2 1680 2
73820 2 1832 4
73832 2 2084 4
73894 2 1924 1
73969 2 1731 3
73991 2 1680 2
74076 2 1553 3
74078 2 1764 1
74128 2 1800 2
74237 2 1713 2
74265 2 1720 3
74271 2 1857 1
74282 2 1732 1
74395 2 1678 1
74432 2 1749 4
74449 2 2052 2
74502 2 1668 3
74570 2 2128 1
74733 2 2120 2
74782 2 1764 3
74847 2 1880 4
74868 2 1679 2
74881 2 1774 1
74917 2 1719 4
75078 2 1687 3
75089 2 1700 2
75122 2 1687 1
75187 2 1854 2
75188 2 2068 5
75229 2 2232 3
75231 2 1735 3
75333 2 1748 3
75334 2 1702 2
75335 2 1692 2
75392 2 2044 2
75423 2 1717 3
75676 2 1784 4
75724 2 1778 2
75803 2 1744 2
75820 2 1774 1
75932 2 1742 3
75977 2 1681 1
76021 2 1672 5
76222 2 1929 1
76229 2 1724 3
76499 2 1708 2
76822 2 1681 1
76839 2 1685 2
77004 2 1676 3
77054 2 1778 4
77055 2 1694 3
77070 2 1672 2
77084 2 1799 4
77227 2 2158 4
77241 2 1808 1
77318 2 1681 2
77520 2 1712 3
77807 2 1817 3
77827 2 1909 4
77854 2 2136 1
77871 2 1716 3
77923 2 1806 2
78045 2 1678 4
78126 2 1744 4
78226 2 1741 1
78294 2 1672 1
78387 2 1859 4
78397 2 1974 5
78473 2 1679 3
78498 2 1741 3
78518 2 1734 2
78798 2 1669 2
78831 2 2077 1
79251 2 1702 3
79310 2 1673 2
79357 2 2078 2
79401 2 1710 4
79461 2 1679 2
79536 2 1711 4
79614 2 1707 3
79699 2 2081 5
79741 2 2115 3
79933 2 1672 3
79992 2 1731 1
79994 2 1687 2
80064 2 1692 2
80114 2 1733 3
80121 2 1714 4
80156 2 1691 5
80204 2 1901 3
80250 2 1839 1
80482 2 1918 4
80755 2 1713 2
80958 2 1740 4
81150 2 1695 3
81204 2 1789 2
81294 2 1728 2
81353 2 2105 1
81582 2 2168 2
81623 2 1846 4
81634 2 1671 2
81734 2 1775 3
81791 2 1756 3
81826 2 1918 3
81838 2 1674 1
81915 2 1783 1
81929 2 1676 1
82072 2 1785 3
82210 2 1792 2
82228 2 1710 3
82385 2 2100 3
82466 2 1714 3
82488 2 2189 4
82520 2 1738 2
82573 2 1687 1
82671 2 1717 4
82839 2 1926 4
82867 2 1714 2
82957 2 1724 2
83406 2 1775 4
83607 2 1704 1
83714 2 1693 4
83860 2 1673 4
83988 2 1674 2
84083 2 1736 1
84097 2 1678 3
84181 2 1762 3
84485 2 1686 1
84529 2 1686 3
84538 2 1675 3
84573 2 1994 3
84597 2 1781 1
84685 2 1716 3
85007 2 1708 1
85043 2 1729 3
85253 2 1677 2
85309 2 2039 3
85341 2 1711 3
85757 2 1684 3
85875 2 1774 4
86072 2 1675 2
86141 2 2172 4
86202 2 1692 1
86398 2 1720 4
86481 2 1727 2
86705 2 1678 2
86753 2 2001 3
86759 2 1692 1
86762 2 1772 2
86765 2 1685 1
86773 2 1952 4
86895 2 1931 3
87063 2 1681 4
87064 2 1704 2
87089 2 1818 1
87138 2 1692 4
87195 2 1711 2
87260 2 1686 4
87445 2 1745 2
87584 2 1740 2
87592 2 1672 1
87598 2 1868 4
87644 2 1738 1
87698 2 1820 3
88016 2 1836 3
88264 2 1890 4
88293 2 1668 3
88294 2 2029 3
88461 2 1814 1
88828 2 1770 2
88947 2 1671 3
88962 2 2226 4
89033 2 2066 2
89051 2 1735 3
89064 2 1721 3
89065 2 1761 2
89090 2 1692 1
89154 2 1673 2
89296 2 1787 3
89351 2 1993 2
89408 2 1687 2
89426 2 2158 2
89440 2 1953 2
89454 2 1941 2
89468 2 2078 3
89705 2 1672 3
89725 2 1666 3
89763 2 1819 3
89814 2 1798 2
89999 2 1943 1
90011 2 2106 3
90215 2 1799 2
90294 2 1710 2
90360 2 2049 4
90428 2 1757 3
90470 2 1672 1
90474 2 1798 3
90484 2 1710 2
90503 2 1680 4
90656 2 1668 3
90698 2 2203 3
90767 2 1673 3
90785 2 1756 3
90904 2 1792 4
90937 2 1769 3
90983 2 1723 3
91037 2 1671 3